data/Train/Video_npy/00001.npz	data/Train/Audio/00001.wav	나이가 들어서도 친구랑 싸우는 일은 종종 있지	14 5 8 4 22 6 9 29 4 38 36 128 4 278 81 7 4 37 28 4 309 309 4 34 17
data/Train/Video_npy/00002.npz	data/Train/Audio/00002.wav	웹툰을 보면서 느끼는 게 동양 국가들은 만화를 참 잘 그리는 것 같아	739 737 15 4 43 53 9 4 174 408 7 4 27 4 89 305 4 243 8 22 28 4 41 103 21 4 298 4 117 4 76 39 7 4 51 4 47 11
data/Train/Video_npy/00003.npz	data/Train/Audio/00003.wav	내가 힘들 때 옆에서 날 잡아둔 동기 덕에 성공했는데 너무 기뻐	25 8 4 140 22 4 87 4 460 10 9 4 161 4 378 11 453 4 89 24 4 548 10 4 148 167 35 7 20 4 33 23 4 24 299
data/Train/Video_npy/00005.npz	data/Train/Audio/00005.wav	오늘 보고 온 영화는 기대에 미치지 못했어 내용 전개가 너무 뻔해서 하품이 나올 정도였다니까	52 105 4 43 12 4 235 4 208 103 7 4 24 54 10 4 149 159 17 4 102 35 6 4 25 262 4 106 275 8 4 33 23 4 653 16 9 4 13 412 5 4 14 232 4 40 29 415 19 49 64
data/Train/Video_npy/00006.npz	data/Train/Audio/00006.wav	제일 가고 싶었던 대학의 시험에 떨어져서 절망스러워	60 37 4 8 12 4 119 71 124 4 54 175 75 4 57 280 10 4 253 6 166 9 4 245 255 56 84 88
data/Train/Video_npy/00007.npz	data/Train/Audio/00007.wav	진짜 회사 일이라면 구역질이 나	111 192 4 45 18 4 37 5 46 53 4 36 388 212 5 4 14
data/Train/Video_npy/00008.npz	data/Train/Audio/00008.wav	노래 대회에 나가서 좋아하던 트로트를 불렀더니 대상을 수상했어	131 135 4 54 45 10 4 14 8 9 4 68 11 13 124 4 127 30 127 21 4 150 536 90 49 4 54 65 15 4 73 65 35 6
data/Train/Video_npy/00009.npz	data/Train/Audio/00009.wav	내가 부모님께 드리려고 열심히 요리했는데 부모님이 한 입도 안 드셔서 너무 속상했어	25 8 4 55 86 139 269 4 158 39 82 12 4 210 113 123 4 48 39 35 7 20 4 55 86 139 5 4 31 4 165 29 4 44 4 158 240 9 4 33 23 4 144 65 35 6
data/Train/Video_npy/00010.npz	data/Train/Audio/00010.wav	평소 치질로 고생하고 있는데 치질 전문 병원 앞에서 옆집 사람을 마주쳐서 부끄러웠어 내가 치질인 거 동네방네 소문내는 거 아냐	333 138 4 159 212 30 4 12 58 13 12 4 34 7 20 4 159 212 4 106 116 4 169 80 4 295 10 9 4 460 125 4 18 112 15 4 59 69 372 9 4 55 356 84 259 6 4 25 8 4 159 212 67 4 77 4 89 97 226 97 4 138 116 25 7 4 77 4 11 390
data/Train/Video_npy/00011.npz	data/Train/Audio/00011.wav	회사에서 다른 사람들은 노는데 나만 일하는 것 같아	45 18 10 9 4 19 205 4 18 112 22 28 4 131 7 20 4 14 41 4 37 13 7 4 51 4 47 11
